0: [82, 53, 8, 96, 48]
1: [23, 9, 63]
2: [76, 59, 48, 95, 54, 58, 16]
3: [37, 1, 46, 53, 42, 67, 54]
4: [19, 56, 32, 82, 73]
5: [68, 16, 42, 55, 6, 90, 41, 75, 66, 63]
6: [93, 95, 45, 5]
7: [54, 52, 73, 4, 89, 55]
8: [29, 23, 53, 60, 80, 24]
9: [81, 6, 38, 61, 46]
10: [38, 7, 19, 84]
11: [38, 35, 30, 91, 98]
12: [2, 5, 54, 41, 68, 37, 63, 18, 51]
13: [63, 73]
14: [85]
15: [49, 85, 76, 0, 44, 41, 75, 40, 50]
16: [47, 3, 2, 67, 50, 53]
17: [58, 86, 29, 88, 81, 13, 15]
18: [87, 30, 31, 37, 24, 55, 52, 49, 29]
19: [26, 45, 80, 84, 7, 72]
20: [73, 66, 68]
21: [93, 75, 16]
22: [87, 34, 68]
23: [73, 76, 57, 26, 46, 70, 83, 86, 10, 74]
24: [76]
25: [74, 84, 2, 51, 18, 56, 70, 9, 11, 66]
26: [59, 65, 64, 56]
27: [22, 40, 35, 33, 86, 23]
28: [13, 12, 35]
29: [85, 97, 55, 62, 43, 66, 54]
30: [36, 17, 79, 46, 74]
31: [48]
32: [60]
33: [91, 3, 31, 80, 88, 34]
34: [37, 35, 13, 1, 84, 54]
35: [67, 87, 86, 63, 20, 0, 53, 42, 5, 73]
36: [47]
37: [81]
38: [26, 3, 63]
39: [53, 49]
40: [98, 31, 60, 43, 39]
41: [74, 89, 71, 21, 61, 44, 3, 55, 20]
42: [12, 78, 93]
43: [62, 26, 61, 63, 12]
44: [53, 90, 55]
45: [33]
46: [59, 37, 65, 87, 62, 14, 74]
47: [97, 93]
48: [89, 80]
49: [28, 68, 36]
50: [88, 29, 30, 33, 12, 79, 74, 76]
51: [63, 60]
52: [23, 27]
53: [68, 70, 43, 4, 41, 87, 77, 73, 12, 61]
54: [79, 43, 15, 41, 18, 0, 23]
55: [61, 27, 19, 49, 25, 69, 35]
56: [94, 70, 19]
57: [96, 50, 52, 51, 4]
58: [15, 67, 21, 82, 14, 28, 29]
59: [53, 56]
60: [69, 55, 30, 70, 43, 68, 98, 75]
61: [85, 19, 66, 49]
62: [16, 63, 74, 12, 34, 18]
63: [36, 92, 86, 82, 49, 66]
64: [93, 97, 30, 82, 63, 4, 17, 81]
65: [21]
66: [30, 91]
67: [47, 3, 35]
68: [40, 93, 65, 35, 44, 1, 47, 94]
69: [68, 34]
70: [41, 60, 68, 20]
71: [3, 4, 72, 9, 24]
72: [93, 6, 59, 24, 31]
73: [49, 68, 84, 16, 61, 3]
74: [1, 20, 54]
75: [77, 43, 49, 14, 18]
76: [43, 2, 71, 45, 47, 27, 85]
77: [55]
78: [86, 33, 60]
79: [37, 62, 71, 61, 78, 33, 69, 42]
80: [50, 78]
81: [78, 75, 99, 53]
82: [11, 99, 70]
83: [28, 16, 60, 12, 33, 14]
84: [67, 97, 53, 78, 15, 33, 94, 14]
85: [86, 40]
86: [56, 74, 81, 27, 88, 29, 98]
87: [93, 40]
88: [30, 65, 32, 39, 58, 85, 10]
89: [96, 65, 32, 63, 84, 47]
90: [5, 27, 87]
91: [71, 36]
92: [9, 28, 82, 45]
93: [29, 97, 76, 85, 74, 63, 56, 36]
94: [51, 39, 48, 27, 99, 85, 19, 58]
95: [76, 73, 56, 71, 63, 25, 72, 22, 98]
96: [0, 90, 70, 11]
97: [41, 23, 82, 93, 89, 90, 38]
98: [2, 81, 12, 22, 47, 25, 46, 6, 66, 87]
99: [45, 58]
